# GIMP colorrc
# 
# This file holds a list of recently used colors.

(color-history
    (color-rgba 0.47450980544090271 0.58039218187332153 0.60000002384185791 1)
    (color-rgba 0.85490196943283081 0.89803922176361084 0.90196079015731812 1)
    (color-rgba 0.48627451062202454 0.58039218187332153 0.61960786581039429 1)
    (color-rgba 0.92549020051956177 0.9686274528503418 0.97254902124404907 1)
    (color-rgba 0.69803923368453979 0.7607843279838562 0.77254903316497803 1)
    (color-rgba 0.88627451658248901 0.92941176891326904 0.93725490570068359 1)
    (color-rgba 0.57647061347961426 0.67058825492858887 0.68235296010971069 1)
    (color-rgba 0.89019608497619629 0.92941176891326904 0.92941176891326904 1)
    (color-rgba 0.47450980544090271 0.52941179275512695 0.56470590829849243 1)
    (color-rgba 0.95686274766921997 1 1 1)
    (color-rgba 0.48235294222831726 0.60392159223556519 0.62352943420410156 1)
    (color-rgba 0.18431372549019609 0.25490196078431371 0.36078431372549019 1)
    (color-rgba 0.25490197539329529 0.058823529630899429 0.21568627655506134 1)
    (color-rgba 0.25641025641025639 0.05917159763313605 0.21606598529675458 1)
    (color-rgba 0.13643279797125948 0.12426035502958581 0.23076923076923075 1)
    (color-rgba 0.058823529411764705 0.043137254901960784 0.1803921568627451 1)
    (color-rgba 0.25641025641025639 0.10848126232741617 0.23668639053254442 1)
    (color-rgba 0.17254901960784313 0.054901960784313725 0.15686274509803921 1)
    (color-rgba 0.78431372549019607 0.078431372549019607 0.29803921568627451 1)
    (color-rgba 0.019607843831181526 0.43137258291244507 0.5058823823928833 1)
    (color-rgba 1 0.85490196078431369 0.18431372549019609 1)
    (color-rgba 1 1 1 1)
    (color-rgba 0 0 0 1)
    (color-rgba 0.80000007152557373 0.43921571969985962 0.91764712333679199 1)
    (color-rgba 0.83137255907058716 0.28235295414924622 1 1)
    (color-rgba 0.93333339691162109 0.52549022436141968 1 1)
    (color-rgba 0.90196084976196289 0.73725491762161255 0.96078437566757202 1)
    (color-rgba 0.87450987100601196 0.63529413938522339 0.95686280727386475 1)
    (color-rgba 0.81960791349411011 0.5058823823928833 0.92549026012420654 1)
    (color-rgba 0.7725490927696228 0.29803922772407532 0.90588241815567017 1)
    (color-rgba 0.94509810209274292 0.88235300779342651 0.99215692281723022 1)
    (color-rgba 0.87843143939971924 0.91372555494308472 0.90980398654937744 1)
    (color-rgba 0.20392156862745098 0.17254901960784313 0.16862745098039217 1)
    (color-rgba 0.090196078431372548 0.086274509803921567 0.086274509803921567 1)
    (color-rgba 0.82745098039215681 0.74901960784313726 0.67843137254901964 1)
    (color-rgba 0.78431372549019607 0.76078431372549016 0.66666666666666663 1)
    (color-rgba 0.30196078431372547 0.28627450980392155 0.24313725490196078 1)
    (color-rgba 0.066666670143604279 0.094117648899555206 0.14117647707462311 1)
    (color-rgba 0.20392157137393951 0.20784313976764679 0.29411765933036804 1)
    (color-rgba 0.18823529779911041 0.18039216101169586 0.25882354378700256 1)
    (color-rgba 0.17254902422428131 0.19215686619281769 0.27058824896812439 1)
    (color-rgba 0.14901961386203766 0.15294118225574493 0.23529411852359772 1)
    (color-rgba 0.20000000298023224 0.20000000298023224 0.29411765933036804 1)
    (color-rgba 0.13725490868091583 0.15686275064945221 0.23137255012989044 1)
    (color-rgba 0.18039216101169586 0.20392157137393951 0.29019609093666077 1)
    (color-rgba 0.17647059261798859 0.20000000298023224 0.28627452254295349 1)
    (color-rgba 0.19215686619281769 0.22352941334247589 0.31372550129890442 1)
    (color-rgba 0.25490197539329529 0.25882354378700256 0.34117648005485535 1)
    (color-rgba 0.20392157137393951 0.21960784494876862 0.31764706969261169 1)
    (color-rgba 0.23529411852359772 0.22745098173618317 0.32156863808631897 1)
    (color-rgba 0.20784313976764679 0.21568627655506134 0.27450981736183167 1)
    (color-rgba 0.21960784494876862 0.20000000298023224 0.31764706969261169 1)
    (color-rgba 0.26274511218070984 0.24313725531101227 0.3333333432674408 1)
    (color-rgba 0.24705882370471954 0.21568627655506134 0.28627452254295349 1)
    (color-rgba 0.26274511218070984 0.21960784494876862 0.28627452254295349 1)
    (color-rgba 0.23137255012989044 0.20784313976764679 0.30980393290519714 1)
    (color-rgba 0.26666668057441711 0.25098040699958801 0.3490196168422699 1)
    (color-rgba 1 0 0 1)
    (color-rgba 0.61493669190640265 0.37221643685625688 0.71267943147531543 1)
    (color-rgba 0.396078431372549 0.396078431372549 0.396078431372549 1)
    (color-rgba 0.56451702117919922 0.77668070793151855 0.39487406611442566 1)
    (color-rgba 0.78431372549019607 0.84705882352941175 1 1)
    (color-rgba 0.035294117647058823 0.062745098039215685 0.10980392156862745 1)
    (color-rgba 0.99607843137254903 0.99607843137254903 0.99607843137254903 1)
    (color-rgba 0.11764705882352941 0.73333333333333328 0.93333333333333335 1)
    (color-rgba 1 0.792156862745098 0 1)
    (color-rgba 0.066666666666666666 0.39215686274509803 0.94509803921568625 1)
    (color-rgba 0.7686274509803922 0.41568627450980394 0.29411764705882354 1)
    (color-rgba 0.85098039215686272 0.50196078431372548 0.58823529411764708 1)
    (color-rgba 0.12941176470588237 0.80392156862745101 0.37254901960784315 1)
    (color-rgba 1 0.5490196078431373 0 1)
    (color-rgba 1 0 0.29411764705882354 1)
    (color-rgba 0.67843139171600342 0.55686277151107788 0.54509806632995605 1)
    (color-rgba 0.69019609689712524 0.56862747669219971 0.55686277151107788 1)
    (color-rgba 0.69803923368453979 0.58431375026702881 0.56862747669219971 1)
    (color-rgba 0.67450982332229614 0.59215688705444336 0.58823531866073608 1)
    (color-rgba 0.67450982332229614 0.60392159223556519 0.60392159223556519 1)
    (color-rgba 0.65490198135375977 0.61960786581039429 0.63137257099151611 1)
    (color-rgba 0.67843139171600342 0.58431375026702881 0.56862747669219971 1)
    (color-rgba 0.65098041296005249 0.52941179275512695 0.5215686559677124 1)
    (color-rgba 0.67843139171600342 0.55686277151107788 0.5372549295425415 1)
    (color-rgba 0.63529413938522339 0.51372551918029785 0.5058823823928833 1)
    (color-rgba 0.63529413938522339 0.5058823823928833 0.48627454042434692 1)
    (color-rgba 0.61176472902297974 0.4745098352432251 0.46666669845581055 1)
    (color-rgba 0.61568629741668701 0.49411767721176147 0.48627454042434692 1)
    (color-rgba 0.56862747669219971 0.45098042488098145 0.44313728809356689 1)
    (color-rgba 0.2627450980392157 0.75686274509803919 0.88235294117647056 1)
    (color-rgba 0.12156862745098039 0.30196078431372547 0.47843137254901963 1)
    (color-rgba 0.098039224743843079 0.20784315466880798 0.40784317255020142 1)
    (color-rgba 0.11764706671237946 0.25098040699958801 0.45098042488098145 1)
    (color-rgba 0.71764707565307617 0.72156864404678345 0.75294125080108643 1)
    (color-rgba 0.55686277151107788 0.50196081399917603 0.67843139171600342 1)
    (color-rgba 0.32941177487373352 0.37254902720451355 0.47058826684951782 1)
    (color-rgba 0.54901963472366333 0.50196081399917603 0.68235296010971069 1)
    (color-rgba 0.55686277151107788 0.53333336114883423 0.64705884456634521 1)
    (color-rgba 0.24313727021217346 0.27450981736183167 0.31764706969261169 1)
    (color-rgba 0.20392158627510071 0.52549022436141968 0.69411766529083252 1)
    (color-rgba 0.63921570777893066 0.48627454042434692 0.66666668653488159 1)
    (color-rgba 0.32941177487373352 0.28235295414924622 0.36078432202339172 1)
    (color-rgba 0.17647059261798859 0.56078433990478516 0.7450980544090271 1)
    (color-rgba 0.20784315466880798 0.086274512112140656 0 1)
    (color-rgba 0.18039216101169586 0.56078433990478516 0.729411780834198 1)
    (color-rgba 0.18431372940540314 0.56862747669219971 0.7450980544090271 1)
    (color-rgba 0.17647059261798859 0.48627454042434692 0.67843139171600342 1)
    (color-rgba 0.10588236153125763 0.20392158627510071 0.40784317255020142 1)
    (color-rgba 0.15294118225574493 0.26666668057441711 0.458823561668396 1)
    (color-rgba 0.19215688109397888 0.34117648005485535 0.51764708757400513 1)
    (color-rgba 0.22745099663734436 0.43529415130615234 0.59215688705444336 1)
    (color-rgba 0.29411765933036804 0.54509806632995605 0.68627452850341797 1)
    (color-rgba 0.32941177487373352 0.61960786581039429 0.75294125080108643 1)
    (color-rgba 0.17254902422428131 0.74117648601531982 0.88627457618713379 1)
    (color-rgba 0.023529411764705882 0.074509803921568626 0.27058823529411763 1)
    (color-rgba 0.035294119268655777 0.08235294371843338 0.27843138575553894 1)
    (color-rgba 0.12271455675363541 0.1101788803935051 0.10375893861055374 1)
    (color-rgba 0.74117647058823533 0.17254901960784313 0.25098039215686274 1)
    (color-rgba 0.043137254901960784 0.23921568627450981 0.56862745098039214 1))

# end of colorrc
